     I  COEFFICIENT              ORDER EXPONENTS
     1    1.8644293427585816e+05   0   0  0  0  0  0  0
     2    9.0706150986145803e+04   1   0  0  0  1  0  0
     3    8.2260616982344964e+03   1   0  0  0  0  1  0
     4    2.3586397108270880e+03   1   0  0  0  0  0  1
     5    1.3777272160113196e+00   1   1  0  0  0  0  0
     6    4.8677941441601519e-01   1   0  1  0  0  0  0
     7    1.5873389076262903e-01   1   0  0  1  0  0  0
     8    2.1100229438723088e+02   2   0  0  0  2  0  0
     9   -2.9904601610945924e+03   2   0  0  0  1  1  0
    10   -1.2284245950531231e+03   2   0  0  0  0  2  0
    11   -8.2617613492285875e+02   2   0  0  0  1  0  1
    12   -1.1676477045987779e+03   2   0  0  0  0  1  1
    13    7.7035494413051060e+02   2   0  0  0  0  0  2
    14   -1.2352321167584057e-02   2   1  0  0  1  0  0
    15   -1.3450134687269730e-01   2   1  0  0  0  1  0
    16   -3.9419598177227642e-02   2   1  0  0  0  0  1
    17   -1.1726599866229240e-01   2   0  1  0  1  0  0
    18   -7.6904342372760198e-02   2   0  1  0  0  1  0
    19   -4.2845453022778486e-02   2   0  1  0  0  0  1
    20   -3.5543204189977286e-02   2   0  0  1  1  0  0
    21   -4.4145686860173727e-02   2   0  0  1  0  1  0
    22    5.8926191650779870e-02   2   0  0  1  0  0  1
    23   -1.8034209788585802e-06   2   2  0  0  0  0  0
    24   -1.0063074167059123e-05   2   1  1  0  0  0  0
    25   -1.5620566323349840e-06   2   0  2  0  0  0  0
    26   -3.4007321670109460e-06   2   1  0  1  0  0  0
    27   -3.0534242607792345e-06   2   0  1  1  0  0  0
    28    2.5683165869805959e-06   2   0  0  2  0  0  0
------------------------------------------------

     I  COEFFICIENT              ORDER EXPONENTS
     1    2.3434639484652301e+05   0   0  0  0  0  0  0
     2    8.3733642440905114e+03   1   0  0  0  1  0  0
     3    8.7914956386363294e+04   1   0  0  0  0  1  0
     4    2.0320864380413375e+03   1   0  0  0  0  0  1
     5    5.0799087362687667e-01   1   1  0  0  0  0  0
     6    1.0099386072017145e+00   1   0  1  0  0  0  0
     7    1.1374693751830685e-01   1   0  0  1  0  0  0
     8   -1.5815428286033925e+03   2   0  0  0  2  0  0
     9   -2.4977584694070661e+03   2   0  0  0  1  1  0
    10    5.3341376028327909e+02   2   0  0  0  0  2  0
    11   -1.2005881882735061e+03   2   0  0  0  1  0  1
    12   -6.3502195027998687e+02   2   0  0  0  0  1  1
    13    7.0850390625168927e+02   2   0  0  0  0  0  2
    14   -1.3850093631740015e-01   2   1  0  0  1  0  0
    15   -7.9570905295570218e-02   2   1  0  0  0  1  0
    16   -4.6700096382196410e-02   2   1  0  0  0  0  1
    17   -8.2588713652841775e-02   2   0  1  0  1  0  0
    18    4.8129767548152215e-02   2   0  1  0  0  1  0
    19   -2.0375064778129483e-02   2   0  1  0  0  0  1
    20   -4.5516758960071943e-02   2   0  0  1  1  0  0
    21   -1.9010864857805631e-02   2   0  0  1  0  1  0
    22    4.7431874401209558e-02   2   0  0  1  0  0  1
    23   -5.3583704440880027e-06   2   2  0  0  0  0  0
    24   -3.9394353082972202e-06   2   1  1  0  0  0  0
    25    2.6043805199710032e-06   2   0  2  0  0  0  0
    26   -3.2616193192010629e-06   2   1  0  1  0  0  0
    27   -8.9774685432789177e-07   2   0  1  1  0  0  0
    28    1.7492236902021373e-06   2   0  0  2  0  0  0
------------------------------------------------

     I  COEFFICIENT              ORDER EXPONENTS
     1    5.3386445597760503e+04   0   0  0  0  0  0  0
     2    2.3754005867202018e+03   1   0  0  0  1  0  0
     3    2.0109740028124563e+03   1   0  0  0  0  1  0
     4    8.1267016038559756e+04   1   0  0  0  0  0  1
     5    1.6114362384787817e-01   1   1  0  0  0  0  0
     6    1.1070718839284353e-01   1   0  1  0  0  0  0
     7    6.8867191319930510e-01   1   0  0  1  0  0  0
     8   -4.2892057404538332e+02   2   0  0  0  2  0  0
     9   -1.1818474868986962e+03   2   0  0  0  1  1  0
    10   -3.1696497704133242e+02   2   0  0  0  0  2  0
    11    1.6213726838069570e+03   2   0  0  0  1  0  1
    12    1.4639542788745634e+03   2   0  0  0  0  1  1
    13    6.7199792221741836e+02   2   0  0  0  0  0  2
    14   -3.9695132487951673e-02   2   1  0  0  1  0  0
    15   -4.5826216031220626e-02   2   1  0  0  0  1  0
    16    7.0645271083744798e-02   2   1  0  0  0  0  1
    17   -4.3342846594427921e-02   2   0  1  0  1  0  0
    18   -1.9317795593909875e-02   2   0  1  0  0  1  0
    19    5.4063262121562997e-02   2   0  1  0  0  0  1
    20    5.7502300284844862e-02   2   0  0  1  1  0  0
    21    4.5520318120977017e-02   2   0  0  1  0  1  0
    22    4.9795520245782765e-02   2   0  0  1  0  0  1
    23   -1.7245999883710724e-06   2   2  0  0  0  0  0
    24   -3.1246606487817393e-06   2   1  1  0  0  0  0
    25   -3.7306067596596108e-07   2   0  2  0  0  0  0
    26    4.9302496866764353e-06   2   1  0  1  0  0  0
    27    3.2247295247878848e-06   2   0  1  1  0  0  0
    28    1.8693287932772828e-06   2   0  0  2  0  0  0
------------------------------------------------

     I  COEFFICIENT              ORDER EXPONENTS
     1    7.7213344035189091e-01   0   0  0  0  0  0  0
     2    1.0821907606992387e+00   1   0  0  0  1  0  0
     3    1.9168697396694059e-01   1   0  0  0  0  1  0
     4    5.1874198984129150e-02   1   0  0  0  0  0  1
     5    5.7495967179641986e-06   1   1  0  0  0  0  0
     6    7.9172751582228487e-06   1   0  1  0  0  0  0
     7    2.4825564706386455e-06   1   0  0  1  0  0  0
     8    1.0624120212674929e-02   2   0  0  0  2  0  0
     9   -7.8644722296880590e-02   2   0  0  0  1  1  0
    10   -4.0156358411013851e-02   2   0  0  0  0  2  0
    11   -2.0600817803586899e-02   2   0  0  0  1  0  1
    12   -3.3368867603487840e-02   2   0  0  0  0  1  1
    13    2.0421688251296997e-02   2   0  0  0  0  0  2
    14   -7.4740645696153010e-08   2   1  0  0  1  0  0
    15   -2.8410184315766817e-06   2   1  0  0  0  1  0
    16   -7.8304004717138374e-07   2   1  0  0  0  0  1
    17   -2.2312838436057756e-06   2   0  1  0  1  0  0
    18   -1.9283550825275570e-06   2   0  1  0  0  1  0
    19   -8.9611243125034215e-07   2   0  1  0  0  0  1
    20   -6.4999358775986018e-07   2   0  0  1  1  0  0
    21   -9.4345157313466652e-07   2   0  0  1  0  1  0
    22    1.1065238188752041e-06   2   0  0  1  0  0  1
    23   -2.7625577945437447e-11   2   2  0  0  0  0  0
    24   -1.5254597914566756e-10   2   1  1  0  0  0  0
    25   -2.8308404907941358e-11   2   0  2  0  0  0  0
    26   -5.0301798928069248e-11   2   1  0  1  0  0  0
    27   -4.6797843229056178e-11   2   0  1  1  0  0  0
    28    3.7525878754897251e-11   2   0  0  2  0  0  0
------------------------------------------------

     I  COEFFICIENT              ORDER EXPONENTS
     1    1.9066680008109040e+00   0   0  0  0  0  0  0
     2    1.9742771122122540e-01   1   0  0  0  1  0  0
     3    1.0581815156668686e+00   1   0  0  0  0  1  0
     4    5.0046455259804244e-02   1   0  0  0  0  0  1
     5    8.6119990753538031e-06   1   1  0  0  0  0  0
     6    1.1209963270539264e-06   1   0  1  0  0  0  0
     7    1.9776272330056971e-06   1   0  0  1  0  0  0
     8   -4.2969569564794141e-02   2   0  0  0  2  0  0
     9   -8.2787857590813280e-02   2   0  0  0  1  1  0
    10    8.1055246206510646e-03   2   0  0  0  0  2  0
    11   -3.4835279855736305e-02   2   0  0  0  1  0  1
    12   -2.1850770775811924e-02   2   0  0  0  0  1  1
    13    2.0760853770241259e-02   2   0  0  0  0  0  2
    14   -2.9895757722313390e-06   2   1  0  0  1  0  0
    15   -2.1177559189392997e-06   2   1  0  0  0  1  0
    16   -1.0430283081020853e-06   2   1  0  0  0  0  1
    17   -2.1472403512734251e-06   2   0  1  0  1  0  0
    18    5.2835153178185867e-07   2   0  1  0  0  1  0
    19   -5.5114180160289139e-07   2   0  1  0  0  0  1
    20   -9.9550091125810371e-07   2   0  0  1  1  0  0
    21   -5.1488673390720318e-07   2   0  0  1  0  1  0
    22    9.7867387323344062e-07   2   0  0  1  0  0  1
    23   -8.6558141301959739e-11   2   2  0  0  0  0  0
    24   -8.2935519416133749e-11   2   1  1  0  0  0  0
    25    3.1281025784290830e-11   2   0  2  0  0  0  0
    26   -5.3448537686061845e-11   2   1  0  1  0  0  0
    27   -1.9108690905332361e-11   2   0  1  1  0  0  0
    28    2.7994103097064018e-11   2   0  0  2  0  0  0
------------------------------------------------

     I  COEFFICIENT              ORDER EXPONENTS
     1    3.2758025234282506e-01   0   0  0  0  0  0  0
     2    5.2527070513331678e-02   1   0  0  0  1  0  0
     3    4.9223864210393584e-02   1   0  0  0  0  1  0
     4    8.8323232747784497e-01   1   0  0  0  0  0  1
     5    2.5614074857758535e-06   1   1  0  0  0  0  0
     6    1.8780485777126708e-06   1   0  1  0  0  0  0
     7   -4.7705705567536019e-06   1   0  0  1  0  0  0
     8   -1.0948469184489098e-02   2   0  0  0  2  0  0
     9   -3.4021833406688802e-02   2   0  0  0  1  1  0
    10   -1.0840963856965853e-02   2   0  0  0  0  2  0
    11    4.3965553480012007e-02   2   0  0  0  1  0  1
    12    4.3377577330160226e-02   2   0  0  0  0  1  1
    13    1.8888088945599006e-02   2   0  0  0  0  0  2
    14   -7.9291800760021089e-07   2   1  0  0  1  0  0
    15   -1.0100173573825464e-06   2   1  0  0  0  1  0
    16    1.4880280411332872e-06   2   1  0  0  0  0  1
    17   -9.1516151635834342e-07   2   0  1  0  1  0  0
    18   -5.1029403632501012e-07   2   0  1  0  0  1  0
    19    1.1988795125458811e-06   2   0  1  0  0  0  1
    20    1.0511989423479554e-06   2   0  0  1  1  0  0
    21    9.0398653039630871e-07   2   0  0  1  0  1  0
    22    1.0067914909167809e-06   2   0  0  1  0  0  1
    23   -2.5894866262784784e-11   2   2  0  0  0  0  0
    24   -4.9081380804131317e-11   2   1  1  0  0  0  0
    25   -7.0972749303558165e-12   2   0  2  0  0  0  0
    26    6.8308529248539926e-11   2   1  0  1  0  0  0
    27    4.6997485957198569e-11   2   0  1  1  0  0  0
    28    2.7259708852231222e-11   2   0  0  2  0  0  0
------------------------------------------------

 ==================================================
         🚀 POD DA 动力学链路全量集成测试        
 ==================================================
 初始化SPICE系统...
 已加载闰秒内核: ./kernels/lsk/naif0012.tls
 已加载行星内核: ./kernels/pck/pck00010.tpc
 已加载星历内核: ./kernels/spk/de440.bsp
 已加载地球内核: ./kernels/pck/earth_latest_high_prec.bpc
 SPICE系统初始化完成
 [INFO] 正在配置力学模型参数...
 >>> 正在初始化多体统一引力网...
 ==================================================
              POD 力模型状态监控面板               
 ==================================================
 [1. 引力与多体摄动]
   中心引力 (点质量) : 默认启用
   第三体摄动总开关  : 启用
   地球高阶非球形    : 启用 (  4 阶)
   月球高阶非球形    : 启用 (  0 阶)
 
 [2. 表面力与其他效应]
   太阳辐射压 (SRP)  : 禁用
   大气阻力 (Drag)   : 禁用
   相对论效应 (PNE)  : 禁用
 
 [3. 动态引力网激活清单]
  包含天体: EARTH MOON SUN  
 ==================================================
 ==================================================
              POD 力模型状态监控面板               
 ==================================================
 [1. 引力与多体摄动]
   中心引力 (点质量) : 默认启用
   第三体摄动总开关  : 启用
   地球高阶非球形    : 启用 (  4 阶)
   月球高阶非球形    : 启用 (  0 阶)
 
 [2. 表面力与其他效应]
   太阳辐射压 (SRP)  : 禁用
   大气阻力 (Drag)   : 禁用
   相对论效应 (PNE)  : 禁用
 
 [3. 动态引力网激活清单]
  包含天体: EARTH MOON SUN  
 ==================================================
 [INFO] 正在初始化 DA 独立变量...
 [DACE Engine] Initializing... Max Order =            2 , Variables =            6
 [DACE Engine] Initialization Complete.
 初始状态:            0           1           2           3           4           5
 [INFO] 正在调用 da_compute_derivatives...
 计算成功！当前状态导数 (速度与加速度):
 常数项:    1.5000000000000000        2.5000000000000000       0.50000000000000000       -2.7192929456208602E-005  -1.3624445681261560E-005  -5.4519120399191116E-006
 d(Acc_x) / d(Pos_x) =          539
 [INFO] 正在进行 RK4 单步积分 (dt =    60.000000000000000       s)...
 RK4 单步积分完成！耗时:    8.0150000000000013E-003  秒
 60秒后的状态 (常数项):    100089.95110288463        50149.975483958151        20029.990194634622        1.4983709311770530        2.4991829313749152       0.49967328896934715     
 --------------------------------------------------
 ✨ 状态转移矩阵 (STM) 的左上角 3x3 ✨
 --------------------------------------------------
   1.000001E+00     5.684365E-07     2.271947E-07
   5.684356E-07     9.999998E-01     1.139840E-07
   2.272043E-07     1.139866E-07     9.999996E-01
 ==================================================
 [INFO] 正在进行 RKF45 变步长积分...
 RKF45 积分完成！耗时:    2.9011130000000001       秒
 最终的状态:    186442.93428168719        234346.39485430406        53386.445599477032       0.77213344064185696        1.9066680010998980       0.32758025241709737     
 --------------------------------------------------
 ✨ RKF45 最终状态的 STM 左上角 3x3 ✨
 --------------------------------------------------
   1.377727E+00     4.867794E-01     1.587339E-01
   5.079909E-01     1.009939E+00     1.137469E-01
   1.611436E-01     1.107072E-01     6.886719E-01
 ==================================================
 [INFO] 正在进行 RKF78 变步长积分...
 RKF78 积分完成！耗时:    2.6834809999999996       秒
 最终的状态:    186442.93427585816        234346.39484652301        53386.445597760503       0.77213344035189091        1.9066680008109040       0.32758025234282506     
 --------------------------------------------------
 ✨ RKF78 最终状态 (DA) ✨
 --------------------------------------------------
Vector[1] = Vector[2] = Vector[3] = Vector[4] = Vector[5] = Vector[6] =  --------------------------------------------------
 ✨ RKF78 最终状态的 STM 左上角 3x3 ✨
 --------------------------------------------------
   1.377727E+00     4.867794E-01     1.587339E-01
   5.079909E-01     1.009939E+00     1.137469E-01
   1.611436E-01     1.107072E-01     6.886719E-01
 ==================================================
[  0%]           test_da_pipeline.f90
[ 50%]           test_da_pipeline.f90  done.

test/test_da_pipeline.f90:159:30:

  159 |     real(DP) :: eval_inputs(6)
      |                              1
Error: Unexpected data declaration statement at (1)
compilation terminated due to -fmax-errors=1.
